0101111111
1111101011
1011010100
0000111111
0011101110
1001110110
1110001111
1111101110
1101111100
1100011111
1011011110
0101101101
1101011011
0010110100
0111111110
1100101110
0111110101
0101111111
1111100101
1011101000
0111111111
1110101011
1000111111
0110010101
0011010110
1110000111
1111011101
0110100101
1111110101
0110011101
1110111110
1101101111
1101011110
0011111111
1100101111
1000111101
1001111111
1111001100
1101100110
1100110110
0100110111
1110100011
1110001100
1011111110
1110011101
1100110011
1100101111
0111111101
1111010101
1011010111
0100100111
1001100011
1010111101
1001111110
0111111101
1101101111
1101010111
1111110110
1110111110
0001101110
1011111111
0010111111
0111011001
1111110110
1011101110
1001111111
1110011101
1111011110
1101101111
0010111011
1111110100
1101010110
0111110111
1010011101
0101111001
1011011111
1100100001
1010110111
0100001011
0001101101
1110111011
1110011010
1111101101
0010011111
0111011101
1011000111
0100011110
1101110101
0010111011
1101101011
0111101011
1001000111
1101111110
1000100111
1011111011
1010001100
1010110011
1011100001
1110011001
0111101111
